10101001101110101011111011100001
10110100111011011101101111110010
01101010011111011011001101000100
11110001010010010100110011011000
01011110110001110110000111010100
01101111110110111101111000101010
01101011011100101001101101101001
10111010010100111001011101010011
11011010101111010011011100111110
01011011111101100100111101010110
10100111111000101110011001010001
10001111101011000101101001001111
11000101001000110000101000111101
10110101111101111100100100111000
10111000110011010011001111111010
01011111110111001111001101111100
11100110010110111111110010010000
10101011111001011001010000101001
10011011111001011010010110111100
11001101010100110010001011101110
10110101110010110111101010000111
01101111110010000111000101010000
11101001011101111000101010101010
11011000110011010100110111011111
10111110000111110010101111110000
10011001001111111101000101111011
01111110111111110110111011011001
10100110001111110110101001001011
10001010011010011000101010110011
11111111001011001111001100111111
01011010111011010100100101111000
